859 1
-2.13555 -2.19805 | 19.598 
-2.13555 -2.13555 | 15.9465 
-2.19805 -2.07305 | 16.9572 
-2.07305 -2.07305 | 10.6648 
-2.01836 -1.99883 | 8.13582 
-1.95195 -2.06523 | 9.35586 
-1.94805 -2.19805 | 15.9477 
-1.80352 -2.18242 | 20.5965 
-1.82305 -2.03789 | 13.3283 
-1.8543 -1.97148 | 11.3911 
-1.9168 -2.02617 | 9.25004 
-1.94805 -1.94805 | 8.64592 
-1.84648 -1.9168 | 12.7215 
-1.75273 -1.84258 | 20.801 
-1.89727 -1.7957 | 16.0039 
-2.06523 -1.81523 | 14.4036 
-2.04961 -1.91289 | 9.80273 
-2.19023 -1.90508 | 16.4853 
-2.19805 -1.69805 | 27.7148 
-2.18633 -1.45977 | 32.6983 
-1.97539 -1.44023 | 25.3989 
-1.7293 -1.43242 | 35.4515 
-1.69805 -1.69805 | 32.18 
-1.69023 -1.42852 | 37.5733 
-1.39727 -1.38945 | 39.5541 
-1.22148 -1.53398 | 31.8359 
-1.2957 -1.70586 | 30.1591 
-1.45195 -1.78398 | 32.7194 
-1.47148 -2.03008 | 26.3045 
-1.39336 -2.14336 | 28.1632 
-1.28398 -2.05352 | 18.5447 
-1.19805 -2.19805 | 19.8534 
-1.02617 -2.13945 | 9.36451 
-0.963672 -2.10039 | 7.52396 
-1.0457 -2.02617 | 5.74325 
-0.963672 -2.04961 | 5.87082 
-0.959766 -1.98711 | 5.22038 
-1.11992 -1.9793 | 7.96328 
-1.16289 -2.04961 | 10.831 
-1.15898 -1.88945 | 11.8181 
-1.14727 -1.80352 | 15.2534 
-1.0457 -1.79961 | 11.6748 
-0.963672 -1.80742 | 10.9247 
-1.05742 -1.87383 | 8.25439 
-0.994922 -1.90508 | 6.35072 
-0.846484 -1.82695 | 13.7077 
-0.838672 -1.71758 | 20.3889 
-0.815234 -1.88945 | 12.5665 
-0.791797 -2.04961 | 12.7136 
-0.858203 -2.00273 | 8.46209 
-0.924609 -2.04961 | 6.63878 
-0.846484 -2.13164 | 12.7927 
-0.944141 -2.14336 | 9.88482 
-0.729297 -2.13555 | 19.8023 
-0.584766 -1.95586 | 23.1644 
-0.541797 -2.17852 | 30.3546 
-0.424609 -2.03008 | 23.3785 
-0.393359 -1.75664 | 30.6613 
-0.678516 -1.68633 | 31.5408 
-0.416797 -1.63945 | 37.9265 
-0.416797 -1.3543 | 36.7663 
-0.549609 -1.26836 | 32.5799 
-0.764453 -1.28008 | 23.1948 
-0.783984 -1.50664 | 30.7568 
-1.06914 -1.45195 | 23.7279 
-1.19805 -1.4168 | 28.9003 
-1.01445 -1.29961 | 15.8261 
-1.19805 -1.19805 | 16.4573 
-1.09648 -1.09648 | 5.96851 
-1.12383 -1.18242 | 11.4186 
-1.02227 -1.15898 | 7.07393 
-0.979297 -1.14727 | 6.34376 
-0.967578 -1.08086 | 3.57432 
-1.06133 -1.13555 | 6.56186 
-1.03789 -1.01836 | 2.46279 
-1.01055 -1.05742 | 2.80512 
-0.971484 -1.03398 | 2.40009 
-1.01055 -1.00664 | 2.06518 
-0.975391 -0.994922 | 2.06565 
-1.00664 -0.959766 | 2.26102 
-1.0418 -1.01055 | 2.47136 
-1.13164 -0.971484 | 5.61451 
-1.16289 -1.05352 | 7.81818 
-1.15898 -0.916797 | 8.10738 
-1.15508 -0.815234 | 12.397 
-1.07305 -0.795703 | 9.98716 
-1.00273 -0.752734 | 11.4018 
-0.963672 -0.815234 | 7.86766 
-1.0457 -0.885547 | 4.76338 
-1.07305 -0.932422 | 3.94372 
-0.987109 -0.905078 | 3.55277 
-0.944141 -0.928516 | 3.355 
-0.893359 -0.948047 | 4.38701 
-0.850391 -0.826953 | 10.8604 
-0.834766 -0.741016 | 16.7324 
-0.709766 -0.721484 | 25.3076 
-0.819141 -0.905078 | 9.00772 
-0.733203 -0.971484 | 12.6949 
-0.795703 -1.06523 | 9.76387 
-0.858203 -1.01055 | 5.49282 
-0.920703 -0.983203 | 3.08576 
-0.940234 -1.03008 | 2.81997 
-0.885547 -1.0418 | 4.68861 
-0.834766 -1.11602 | 9.40583 
-0.920703 -1.13945 | 6.96111 
-0.768359 -1.17852 | 16.4863 
-0.725391 -1.12773 | 16.3895 
-0.588672 -0.951953 | 20.1927 
-0.537891 -1.1707 | 26.599 
-0.256641 -1.08867 | 13.1805 
-0.233203 -0.975391 | 10.0717 
-0.420703 -1.02227 | 20.104 
-0.260547 -0.830859 | 16.5556 
-0.393359 -0.756641 | 28.1481 
-0.698047 -0.701953 | 27.1599 
-0.424609 -0.670703 | 34.3078 
-0.408984 -0.389453 | 36.411 
-0.545703 -0.205859 | 27.1927 
-0.721484 -0.311328 | 26.1583 
-0.811328 -0.459766 | 26.7931 
-0.834766 -0.686328 | 19.9849 
-1.04961 -0.455859 | 21.4092 
-1.08086 -0.639453 | 19.2409 
-1.17461 -0.397266 | 24.9638 
-1.03789 -0.268359 | 12.5823 
-1.1082 -0.205859 | 10.7559 
-1.18633 -0.209766 | 15.0555 
-1.28789 -0.428516 | 33.2088 
-1.35039 -0.272266 | 29.1898 
-1.53008 -0.334766 | 37.3529 
-1.52227 -0.612109 | 40.2142 
-1.28398 -0.616016 | 31.606 
-1.41289 -0.803516 | 27.8816 
-1.20977 -0.830859 | 14.7879 
-1.31133 -1.18242 | 22.7568 
-1.37773 -0.971484 | 20.1935 
-1.56133 -1.12773 | 26.0277 
-1.65508 -0.979297 | 19.3996 
-1.51836 -0.873828 | 25.9837 
-1.67852 -0.717578 | 29.6974 
-1.90898 -0.756641 | 15.3907 
-1.90117 -0.881641 | 8.89865 
-1.7332 -0.850391 | 18.8829 
-1.74102 -1.04961 | 15.1789 
-1.79961 -1.1668 | 16.5403 
-1.91289 -1.17852 | 12.1669 
-1.84648 -1.02617 | 8.89971 
-1.90117 -0.983203 | 6.50355 
-2.01055 -0.967578 | 5.20723 
-2.05742 -1.0457 | 6.37979 
-2.00664 -1.08867 | 6.73282 
-2.03008 -1.1668 | 10.6678 
-2.08477 -1.07695 | 8.03749 
-2.17852 -1.08086 | 12.8353 
-2.1707 -1.00664 | 10.9552 
-2.14727 -0.846484 | 13.6136 
-2.1043 -0.920703 | 8.56294 
-2.00664 -0.901172 | 6.71419 
-2.0457 -0.819141 | 11.0565 
-2.12383 -0.709766 | 20.3926 
-2.11992 -0.674609 | 22.2179 
-2.07305 -0.498828 | 25.581 
-1.94023 -0.658984 | 20.3076 
-1.76836 -0.541797 | 31.9268 
-1.89727 -0.401172 | 23.9058 
-1.76445 -0.303516 | 25.598 
-1.96758 -0.244922 | 13.8191 
-2.10039 -0.342578 | 21.9476 
-2.19805 -0.198047 | 18.4573 
-2.01055 -0.198047 | 10.8968 
-2.03789 -0.104297 | 6.51739 
-2.05742 -0.0496094 | 5.36115 
-1.98711 -0.0574219 | 4.62851 
-1.9832 0.0128906 | 4.02168 
-2.03789 0.0246094 | 4.55497 
-2.09258 0.0207031 | 6.10842 
-2.1043 -0.0339844 | 6.72778 
-2.1707 0.0128906 | 9.96612 
-2.1082 0.0597656 | 7.36831 
-2.19023 0.247266 | 21.0189 
-2.04961 0.247266 | 14.5721 
-2.0418 0.161328 | 9.2502 
-1.9832 0.0636719 | 4.78242 
-1.93633 0.0636719 | 5.33269 
-1.89336 0.0558594 | 6.3596 
-1.83867 0.157422 | 12.6235 
-1.89336 0.192578 | 12.2538 
-1.7918 0.188672 | 16.8913 
-1.70586 0.149609 | 19.7727 
-1.7293 0.0363281 | 14.5483 
-1.80742 -0.0730469 | 10.7768 
-1.88164 0.0128906 | 6.21366 
-1.9168 0.00507812 | 5.01488 
-1.89727 -0.0535156 | 6.17449 
-1.83867 -0.0613281 | 8.83013 
-1.90117 -0.0847656 | 6.8735 
-1.90117 -0.194141 | 12.0808 
-1.81523 -0.127734 | 12.3779 
-1.61211 -0.135547 | 23.6499 
-1.49102 -0.0417969 | 22.5518 
-1.28008 -0.162891 | 18.3397 
-1.33086 -0.0691406 | 17.5696 
-1.39336 0.145703 | 23.7065 
-1.24883 0.137891 | 15.0292 
-1.44023 0.219922 | 29.5472 
-1.58867 0.173047 | 26.3926 
-1.50664 0.407422 | 40.7826 
-1.42461 0.575391 | 40.1584 
-1.49492 0.723828 | 34.3907 
-1.58477 0.680859 | 35.7988 
-1.90508 0.755078 | 15.6069 
-1.71367 0.645703 | 31.7105 
-1.83477 0.407422 | 26.81 
-1.9832 0.512891 | 24.219 
-2.09258 0.387891 | 23.7939 
-2.17461 0.630078 | 27.4061 
-1.96367 0.680859 | 18.7878 
-2.11602 0.716016 | 19.6506 
-2.11992 0.883984 | 10.5237 
-2.15898 1.01289 | 10.3079 
-2.13164 0.930859 | 9.5693 
-2.0457 1.04414 | 6.06675 
-2.00273 1.04805 | 5.56305 
-1.98711 0.977734 | 5.03505 
-2.03008 0.899609 | 7.03284 
-2.00273 0.809766 | 11.0006 
-1.94805 0.852734 | 9.03414 
-1.75664 0.825391 | 18.7882 
-1.72148 0.942578 | 16.2779 
-1.86992 0.954297 | 7.97488 
-1.91289 1.00508 | 6.13522 
-1.92461 1.15352 | 10.4381 
-1.7332 1.05977 | 15.8773 
-1.7293 1.23164 | 24.6536 
-2.03008 1.21602 | 13.6588 
-1.99883 1.08711 | 6.63819 
-2.03008 1.15352 | 9.93214 
-2.08086 1.06758 | 7.62076 
-2.19805 1.21602 | 20.9843 
-2.14336 1.30977 | 23.7668 
-2.01445 1.44258 | 25.5364 
-2.12383 1.5793 | 28.6661 
-2.0457 1.75508 | 17.3557 
-1.9168 1.56367 | 26.6652 
-1.81133 1.7082 | 25.0363 
-1.72539 1.48555 | 36.6827 
-1.9207 1.41523 | 25.5226 
-1.54961 1.54414 | 43.9216 
-1.46367 1.55977 | 43.619 
-1.2957 1.44258 | 35.9484 
-1.27617 1.18867 | 20.9199 
-1.44023 1.05195 | 23.0121 
-1.55742 1.18477 | 29.2004 
-1.51836 0.942578 | 23.7712 
-1.53789 0.821484 | 28.4159 
-1.34258 1.02461 | 18.466 
-1.2293 0.966016 | 11.3743 
-1.21367 0.817578 | 15.759 
-1.19805 0.895703 | 11.1024 
-1.15898 1.03242 | 7.20388 
-1.10039 0.962109 | 4.34285 
-1.08086 0.946484 | 3.88717 
-1.02617 0.985547 | 2.20044 
-1.0457 1.03633 | 2.83633 
-0.998828 1.0168 | 2.08744 
-0.959766 0.989453 | 2.23996 
-0.991016 0.930859 | 2.79341 
-0.971484 0.880078 | 4.58535 
-1.03008 0.915234 | 3.46186 
-1.05742 0.813672 | 8.52927 
-0.893359 0.813672 | 9.72745 
-0.850391 0.809766 | 11.8136 
-0.783984 0.919141 | 10.6034 
-0.709766 1.00117 | 14.0075 
-0.862109 0.926953 | 6.16157 
-0.889453 0.930859 | 4.90331 
-0.936328 0.993359 | 2.66181 
-0.916797 1.03633 | 3.50953 
-0.905078 1.07539 | 4.80317 
-0.889453 1.1418 | 8.1248 
-0.834766 1.08711 | 8.26171 
-0.705859 1.11836 | 17.1271 
-0.834766 1.21602 | 14.9787 
-0.994922 1.25898 | 13.1442 
-0.955859 1.2043 | 9.91383 
-0.967578 1.05195 | 2.77766 
-1.0418 1.08711 | 4.07081 
-1.06133 1.10664 | 5.2464 
-1.1082 1.13398 | 8.07658 
-1.15898 1.09492 | 8.8565 
-1.15508 1.35664 | 23.7681 
-1.0457 1.43867 | 22.8395 
-1.14727 1.50508 | 27.5604 
-1.11992 1.79023 | 14.665 
-1.0418 1.62617 | 21.0914 
-0.948047 1.75508 | 14.1882 
-0.737109 1.66133 | 29.4 
-0.901172 1.54414 | 24.6811 
-0.600391 1.3918 | 38.1499 
-0.584766 1.5832 | 40.1277 
-0.280078 1.57148 | 33.4348 
-0.276172 1.41914 | 32.4642 
-0.436328 1.22773 | 29.5137 
-0.557422 1.28633 | 33.5843 
-0.686328 1.07539 | 16.6234 
-0.471484 0.954297 | 21.3824 
-0.604297 0.887891 | 21.4621 
-0.389453 0.833203 | 23.5362 
-0.303516 0.973828 | 14.4748 
-0.244922 0.782422 | 18.3301 
-0.397266 0.591016 | 36.904 
-0.432422 0.473828 | 39.3886 
-0.580859 0.544141 | 38.9883 
-0.467578 0.688672 | 34.2448 
-0.815234 0.712109 | 19.545 
-0.928516 0.598828 | 20.3458 
-0.908984 0.778516 | 11.2413 
-1.06523 0.755078 | 12.2142 
-1.11992 0.571484 | 23.2959 
-1.0418 0.528516 | 21.5475 
-1.0457 0.321484 | 15.9483 
-0.920703 0.462109 | 21.9949 
-0.795703 0.321484 | 22.2462 
-0.748828 0.231641 | 19.537 
-0.807422 0.165234 | 12.0713 
-0.873828 0.106641 | 5.91819 
-0.944141 0.102734 | 3.52358 
-0.948047 0.169141 | 6.59069 
-0.885547 0.239453 | 12.6555 
-0.967578 0.290234 | 13.7284 
-1.09258 0.251172 | 12.9751 
-1.19023 0.212109 | 15.4358 
-1.08477 0.133984 | 5.91891 
-1.17461 0.0949219 | 8.55339 
-1.09258 0.102734 | 4.86091 
-1.02227 0.102734 | 3.16528 
-1.01445 0.173047 | 6.45136 
-0.959766 0.149609 | 5.36368 
-0.971484 0.0597656 | 1.80426 
-0.987109 0.0402344 | 1.32663 
-0.967578 -0.0105469 | 1.16505 
-0.951953 -0.0457031 | 1.77002 
-0.998828 -0.0457031 | 1.4095 
-1.02227 -0.0300781 | 1.32168 
-1.06914 -0.0574219 | 2.71906 
-1.05742 0.00117187 | 1.76224 
-1.03398 0.0363281 | 1.55693 
-1.08867 0.0324219 | 2.90534 
-1.13164 0.0128906 | 4.54359 
-1.15508 0.00507812 | 5.72255 
-1.13164 -0.0691406 | 5.4443 
-1.19414 -0.0925781 | 9.64103 
-1.07695 -0.151172 | 6.51087 
-1.05352 -0.139453 | 5.28867 
-1.03008 -0.108203 | 3.47421 
-0.975391 -0.119922 | 3.79203 
-0.963672 -0.190234 | 7.55668 
-0.862109 -0.112109 | 6.66003 
-0.893359 -0.108203 | 5.19524 
-0.893359 -0.0691406 | 3.89379 
-0.940234 -0.0339844 | 1.80913 
-0.920703 0.0402344 | 2.38289 
-0.850391 0.0246094 | 4.94539 
-0.768359 -0.0261719 | 9.57497 
-0.701953 -0.0339844 | 13.6942 
-0.635547 -0.158984 | 21.6045 
-0.549609 0.0402344 | 20.1397 
-0.655078 0.227734 | 24.7033 
-0.553516 0.130078 | 22.9214 
-0.326953 0.286328 | 27.1006 
-0.241016 0.0753906 | 10.6007 
-0.280078 -0.00664063 | 11.9658 
-0.346484 -0.0300781 | 15.9967 
-0.334766 -0.178516 | 20.8797 
-0.198047 -0.198047 | 13.6652 
-0.108203 -0.127734 | 5.30287 
-0.0691406 -0.186328 | 7.07361 
0.00507812 -0.166797 | 5.04002 
0.0246094 -0.0769531 | 1.27215 
-0.0339844 -0.100391 | 2.16262 
-0.0652344 -0.123828 | 3.72496 
-0.0535156 -0.0652344 | 1.39544 
-0.0417969 -0.0300781 | 0.523563 
-0.0105469 -0.0691406 | 0.955712 
0.0324219 -0.0535156 | 0.770702 
0.0441406 -0.0144531 | 0.425502 
-0.00273438 -0.0339844 | 0.229749 
-0.00273438 0.0128906 | 0.0344318 
0.0324219 -0.0105469 | 0.229889 
0.0246094 0.0324219 | 0.327741 
0.0246094 0.0441406 | 0.504 
-0.00273438 0.0363281 | 0.262179 
-0.0378906 0.0207031 | 0.368411 
-0.0222656 0.00117187 | 0.0984674 
-0.0496094 -0.00273438 | 0.485823 
-0.0730469 0.0363281 | 1.30093 
-0.127734 0.0324219 | 3.2756 
-0.0964844 0.00117187 | 1.79156 
-0.0808594 -0.0457031 | 1.68118 
-0.135547 -0.0496094 | 3.91541 
-0.190234 -0.0339844 | 6.59691 
-0.178516 0.0910156 | 7.28924 
-0.119922 0.141797 | 6.4546 
-0.147266 0.262891 | 14.8839 
-0.0339844 0.270703 | 11.5987 
0.0207031 0.235547 | 9.23353 
-0.00664063 0.157422 | 4.5392 
-0.0574219 0.130078 | 3.82215 
-0.0574219 0.0988281 | 2.52366 
-0.0691406 0.0519531 | 1.46442 
-0.00273438 0.0597656 | 0.701879 
0.00507812 0.110547 | 2.33415 
0.0480469 0.0714844 | 1.45148 
0.0675781 0.0910156 | 2.49192 
0.141797 0.0597656 | 4.43366 
0.141797 0.157422 | 8.26371 
0.133984 0.262891 | 14.2353 
0.286328 0.290234 | 24.9302 
0.235547 -0.0691406 | 10.0823 
0.157422 0.0441406 | 4.91454 
0.126172 0.0285156 | 3.158 
0.0753906 0.0324219 | 1.31462 
0.0871094 0.0128906 | 1.50134 
0.0949219 -0.0222656 | 1.83364 
0.0988281 -0.0613281 | 2.61358 
0.165234 -0.0417969 | 5.29418 
0.141797 -0.119922 | 6.4546 
0.102734 -0.139453 | 5.64133 
0.137891 -0.162891 | 8.36571 
0.298047 -0.108203 | 15.2972 
0.348828 0.0167969 | 15.9957 
0.469922 -0.0925781 | 21.696 
0.696484 -0.162891 | 18.6071 
0.622266 0.0480469 | 18.0333 
0.575391 0.0558594 | 19.8427 
0.696484 0.0636719 | 14.5783 
0.676953 0.282422 | 26.9913 
0.548047 0.184766 | 25.8973 
0.383984 0.364453 | 34.3263 
0.551953 0.376172 | 37.041 
0.571484 0.532422 | 39.4115 
0.551953 0.688672 | 34.0096 
0.391797 0.735547 | 29.378 
0.235547 0.598828 | 27.6404 
0.294141 0.438672 | 32.2837 
0.0636719 0.341016 | 16.322 
-0.0535156 0.501172 | 20.8138 
-0.123828 0.368359 | 19.798 
-0.190234 0.633984 | 23.4314 
0.0402344 0.708203 | 13.4171 
-0.100391 0.684766 | 16.3883 
-0.119922 0.813672 | 9.48864 
-0.131641 0.919141 | 5.35526 
-0.158984 0.973828 | 5.69648 
-0.166797 1.02461 | 6.20404 
-0.123828 1.03242 | 4.16507 
-0.0808594 0.966016 | 2.42991 
-0.0964844 0.950391 | 3.17641 
-0.0222656 0.962109 | 1.30591 
-0.0691406 0.969922 | 2.05245 
-0.0613281 1.03242 | 2.00971 
-0.0222656 1.04805 | 1.64883 
-0.0105469 0.989453 | 1.02303 
0.00117187 1.04414 | 1.47264 
0.0363281 1.02852 | 1.47862 
0.0441406 0.969922 | 1.50288 
-0.00273438 0.958203 | 1.2625 
0.0324219 0.930859 | 2.0032 
0.0285156 0.907422 | 2.62893 
0.00898437 0.907422 | 2.48405 
-0.0691406 0.887891 | 4.10202 
-0.0457031 0.844922 | 5.50869 
-0.00273438 0.852734 | 4.71267 
0.0832031 0.801953 | 8.77906 
0.0714844 0.880078 | 4.47844 
0.169141 0.872266 | 8.97613 
0.294141 0.833203 | 18.5259 
0.270703 0.973828 | 12.4537 
0.204297 1.00898 | 8.24341 
0.169141 0.962109 | 6.37154 
0.0949219 0.985547 | 2.74795 
0.0675781 0.962109 | 2.10027 
0.110547 1.02461 | 3.49817 
0.0988281 1.05977 | 3.69646 
0.0714844 1.13008 | 5.43213 
0.0871094 1.11445 | 5.1866 
0.141797 1.0832 | 6.24225 
0.298047 1.12617 | 17.3115 
0.251172 1.22383 | 19.9974 
-0.00664063 1.24727 | 11.3926 
-0.0496094 1.2043 | 9.10236 
0.0167969 1.17305 | 6.78306 
0.0207031 1.09492 | 3.01021 
-0.0105469 1.11055 | 3.57219 
-0.0457031 1.09102 | 3.19297 
-0.0417969 1.17305 | 7.07175 
-0.104297 1.05586 | 3.80679 
-0.182422 1.13398 | 10.5387 
-0.127734 1.28633 | 16.9852 
0.0402344 1.3957 | 20.196 
-0.170703 1.43867 | 26.5869 
-0.0964844 1.7707 | 13.6295 
-0.0613281 1.59102 | 21.6773 
0.251172 1.66523 | 27.9875 
0.153516 1.34102 | 21.5362 
0.544141 1.49336 | 42.1354 
0.458203 1.77852 | 31.2481 
0.719922 1.69648 | 28.5745 
0.645703 1.46602 | 38.4331 
0.684766 1.07148 | 16.5938 
0.637891 1.21602 | 26.2423 
0.325391 1.28242 | 28.3353 
0.524609 1.10664 | 23.5426 
0.376172 0.891797 | 20.2831 
0.661328 0.817578 | 22.2738 
0.723828 1.0168 | 13.2505 
0.676953 0.817578 | 21.4373 
0.899609 0.919141 | 4.84147 
0.809766 0.887891 | 10.1565 
0.841016 0.973828 | 6.37851 
0.848828 1.02852 | 6.12031 
0.919141 1.04023 | 3.50782 
0.868359 0.930859 | 5.77945 
0.973828 0.973828 | 2.16649 
0.946484 1.00117 | 2.45846 
0.966016 1.04414 | 2.63267 
1.0168 0.989453 | 2.09048 
1.02461 1.03633 | 2.50248 
1.03633 0.973828 | 2.4166 
1.0168 0.946484 | 2.54536 
1.03242 0.891797 | 4.29137 
0.942578 0.907422 | 4.00032 
0.946484 0.844922 | 6.55296 
1.0832 0.841016 | 7.80426 
1.1457 0.919141 | 7.32643 
1.22773 0.852734 | 14.8241 
1.25117 0.895703 | 14.5128 
1.22383 1.0168 | 10.9502 
1.15352 0.946484 | 7.08871 
1.09492 0.954297 | 4.24545 
1.09492 1.00898 | 3.95927 
1.09102 1.0793 | 5.16202 
1.07539 1.14961 | 7.68148 
1.13008 1.0793 | 6.8158 
1.27852 1.07539 | 15.6743 
1.2043 1.13789 | 13.437 
1.15742 1.29414 | 20.2581 
0.985547 1.29805 | 15.6707 
1.00898 1.19648 | 9.16607 
1.03242 1.13008 | 5.70786 
1.0168 1.09883 | 4.16371 
0.954297 1.11055 | 4.87029 
0.930859 1.15742 | 7.64067 
0.911328 1.12617 | 6.59227 
0.813672 1.11836 | 10.6582 
0.887891 1.19648 | 11.3005 
0.829297 1.36836 | 24.5513 
1.00508 1.32539 | 17.3337 
0.841016 1.4582 | 27.0788 
0.883984 1.71992 | 18.1594 
1.09883 1.59102 | 24.0144 
1.25898 1.44648 | 33.6816 
1.40742 1.34102 | 37.5466 
1.33711 1.73555 | 30.9109 
1.61445 1.76289 | 32.429 
1.66523 1.41523 | 38.4685 
1.66914 1.09492 | 20.5761 
1.51289 1.21992 | 31.8656 
1.3293 1.09102 | 19.3272 
1.42695 1.0168 | 22.0908 
1.3957 0.813672 | 26.6438 
1.5793 0.985547 | 22.291 
1.71602 0.919141 | 17.1717 
1.55195 0.747266 | 32.6107 
1.77461 0.653516 | 27.7339 
1.56758 0.544141 | 41.4833 
1.30586 0.673047 | 30.2453 
1.25508 0.630078 | 29.1331 
1.11836 0.684766 | 18.3448 
1.00508 0.743359 | 11.985 
0.903516 0.790234 | 10.7216 
0.919141 0.712109 | 14.9733 
0.903516 0.559766 | 22.2148 
0.919141 0.528516 | 22.2271 
0.942578 0.407422 | 20.0536 
1.16914 0.505078 | 26.7521 
1.23555 0.200391 | 17.593 
1.17695 0.0988281 | 8.83153 
1.11445 0.114453 | 6.20753 
1.10273 0.0753906 | 4.33482 
1.05586 0.169141 | 6.88828 
1.11445 0.251172 | 13.8549 
0.962109 0.223828 | 9.62079 
0.856641 0.216016 | 12.4512 
0.899609 0.165234 | 7.68315 
0.860547 0.114453 | 6.82917 
0.887891 0.0519531 | 3.69914 
0.934766 0.0792969 | 2.92412 
0.946484 0.133984 | 4.81294 
1.00508 0.141797 | 4.74853 
1.03242 0.102734 | 3.29523 
1.00508 0.0597656 | 1.71567 
1.0207 0.0324219 | 1.33415 
0.993359 -0.00664063 | 1.00421 
1.03242 -0.0300781 | 1.45163 
1.00898 -0.0730469 | 2.07421 
0.969922 -0.0183594 | 1.18559 
0.962109 -0.0496094 | 1.69205 
0.950391 -0.0183594 | 1.45192 
0.981641 -0.0105469 | 1.05214 
0.954297 0.0480469 | 1.7747 
0.880078 -0.00273438 | 3.48298 
0.821484 0.0128906 | 6.36579 
0.844922 -0.0613281 | 5.83416 
0.923047 -0.0652344 | 2.8309 
0.860547 -0.0925781 | 5.99306 
0.801953 -0.198047 | 14.2691 
0.942578 -0.127734 | 4.60005 
1.00898 -0.108203 | 3.26908 
1.03242 -0.139453 | 4.89144 
1.17305 -0.198047 | 13.5597 
1.0832 -0.119922 | 5.23032 
1.0832 -0.0535156 | 3.07186 
1.05195 -0.0183594 | 1.70148 
1.0832 0.0207031 | 2.5939 
1.15742 0.0207031 | 5.93021 
1.13008 -0.0457031 | 4.84676 
1.22383 0.0363281 | 10.1214 
1.29805 -0.100391 | 16.5925 
1.46211 -0.155078 | 26.263 
1.42305 0.00507812 | 20.8839 
1.33711 0.274609 | 28.6074 
1.47773 0.0910156 | 23.6854 
1.64961 0.258984 | 29.2502 
1.73945 0.0832031 | 15.0305 
1.73164 0.0128906 | 14.1825 
1.65352 -0.0222656 | 18.53 
1.79805 -0.201953 | 17.3273 
1.68086 -0.389453 | 34.869 
1.66523 -0.241016 | 27.3446 
1.53242 -0.412891 | 40.8512 
1.50898 -0.678516 | 37.0635 
1.7668 -0.678516 | 26.8705 
1.64961 -0.772266 | 27.8209 
1.74727 -0.916797 | 15.4009 
1.76289 -1.01836 | 13.4022 
1.73555 -1.11211 | 17.5358 
1.57148 -1.00273 | 22.4847 
1.44258 -1.08477 | 23.999 
1.30977 -0.975391 | 16.4537 
1.43477 -0.869922 | 25.1451 
1.29805 -0.721484 | 26.9608 
1.09883 -0.787891 | 11.3367 
1.16523 -0.854297 | 10.9158 
1.09102 -0.905078 | 5.327 
1.17695 -0.948047 | 8.38186 
1.28242 -0.838672 | 19.0834 
1.25898 -1.02227 | 13.292 
1.18867 -1.11211 | 11.271 
1.16914 -1.11992 | 10.4633 
1.06367 -1.1707 | 8.5128 
1.06758 -1.01445 | 3.09803 
1.13789 -1.06523 | 6.78203 
1.11836 -1.00664 | 4.91289 
1.1418 -0.951953 | 6.3753 
1.08711 -0.983203 | 3.66493 
1.04023 -0.967578 | 2.54291 
1.00508 -0.951953 | 2.37372 
0.934766 -0.971484 | 2.80596 
0.958203 -0.983203 | 2.28334 
0.954297 -1.06523 | 3.2832 
1.03633 -1.02227 | 2.47608 
1.00898 -1.11211 | 4.65079 
0.962109 -1.19414 | 9.19555 
0.891797 -1.08086 | 5.45003 
0.844922 -1.14727 | 10.3974 
0.805859 -1.06523 | 9.17431 
0.864453 -1.03008 | 5.39908 
0.821484 -0.979297 | 7.37635 
0.841016 -0.866016 | 9.3844 
0.907422 -0.928516 | 4.32201 
0.966016 -0.928516 | 3.01427 
1.00898 -0.908984 | 3.45132 
1.00508 -0.850391 | 5.84074 
0.950391 -0.838672 | 6.80087 
1.00117 -0.787891 | 9.26508 
0.895703 -0.717578 | 15.4117 
0.864453 -0.698047 | 17.8539 
0.946484 -0.537891 | 21.4631 
1.09492 -0.643359 | 19.5494 
1.22383 -0.526172 | 30.0027 
1.10664 -0.416797 | 22.2248 
1.21211 -0.299609 | 22.2675 
1.16914 -0.252734 | 16.7378 
1.02852 -0.233203 | 10.2189 
1.02852 -0.326953 | 15.9737 
0.907422 -0.338672 | 17.8704 
0.778516 -0.225391 | 17.3347 
0.626172 -0.276172 | 29.1242 
0.786328 -0.358203 | 24.7707 
0.575391 -0.498828 | 39.4785 
0.305859 -0.444141 | 33.1193 
0.360547 -0.229297 | 25.2861 
0.141797 -0.326953 | 18.4891 
0.0636719 -0.299609 | 13.9503 
0.0636719 -0.221484 | 9.06062 
-0.00664063 -0.299609 | 13.1653 
-0.0183594 -0.201953 | 7.13435 
-0.190234 -0.237109 | 15.6158 
-0.0964844 -0.264453 | 12.7681 
-0.0886719 -0.393359 | 19.5128 
0.0246094 -0.420703 | 19.0812 
-0.104297 -0.561328 | 21.6641 
0.0363281 -0.674609 | 15.2776 
0.153516 -0.561328 | 23.9077 
0.274609 -0.705859 | 24.8518 
0.255078 -0.916797 | 12.5603 
0.188672 -0.826953 | 12.3118 
0.126172 -0.901172 | 5.67599 
0.0597656 -0.897266 | 3.51749 
0.0636719 -0.826953 | 6.82863 
0.161328 -0.737109 | 16.0908 
-0.0613281 -0.748828 | 11.3714 
-0.178516 -0.823047 | 11.9371 
-0.190234 -0.889453 | 9.47658 
-0.0652344 -0.928516 | 2.68654 
-0.0691406 -0.901172 | 3.61253 
-0.0261719 -0.866016 | 4.22472 
0.0246094 -0.850391 | 4.94539 
0.0324219 -0.897266 | 3.02492 
0.0441406 -0.924609 | 2.34009 
0.0167969 -0.951953 | 1.41437 
-0.0105469 -0.987109 | 1.02923 
0.0441406 -1.02617 | 1.57202 
0.0324219 -1.05352 | 1.87773 
0.0128906 -1.02227 | 1.17567 
-0.0222656 -1.07305 | 2.28452 
-0.0613281 -1.03789 | 2.09632 
-0.0457031 -1.01055 | 1.45473 
-0.0339844 -0.951953 | 1.58671 
-0.104297 -0.971484 | 3.18619 
-0.147266 -0.963672 | 5.19375 
-0.143359 -1.00273 | 4.81731 
-0.155078 -1.0457 | 5.91025 
-0.0808594 -1.03789 | 2.62889 
-0.116016 -1.11992 | 6.51588 
-0.174609 -1.10039 | 8.60387 
-0.119922 -1.15117 | 8.22841 
-0.0691406 -1.10039 | 4.06879 
0.00507812 -1.11211 | 3.62193 
0.0363281 -1.15508 | 5.97813 
0.130078 -1.18242 | 10.4535 
0.0949219 -1.08867 | 4.43295 
0.0714844 -1.05352 | 2.66685 
0.0988281 -1.02617 | 3.06447 
0.0675781 -1.00273 | 1.89951 
0.141797 -1.00664 | 4.75529 
0.161328 -1.03008 | 5.97751 
0.196484 -1.06133 | 8.59882 
0.184766 -0.967578 | 7.19213 
0.247266 -1.0457 | 11.3923 
0.317578 -1.13945 | 19.1181 
0.485547 -1.01836 | 21.2981 
0.333203 -0.905078 | 17.6495 
0.469922 -0.799609 | 27.6153 
0.575391 -0.897266 | 22.0471 
0.727734 -0.776172 | 20.8894 
0.743359 -0.873828 | 14.7145 
0.751172 -0.971484 | 11.5945 
0.649609 -0.967578 | 17.4627 
0.645703 -1.09258 | 19.3494 
0.798047 -1.20195 | 16.1351 
0.594922 -1.31914 | 34.5765 
0.747266 -1.3582 | 28.8618 
0.645703 -1.46758 | 38.458 
0.383984 -1.45195 | 39.2621 
0.305859 -1.31523 | 29.2465 
0.216016 -1.3543 | 25.8558 
0.102734 -1.2293 | 12.2366 
-0.0613281 -1.23711 | 11.4584 
-0.116016 -1.30352 | 17.5533 
0.00507812 -1.38945 | 19.6189 
-0.119922 -1.51445 | 24.9737 
0.0128906 -1.65508 | 18.389 
0.137891 -1.55742 | 25.325 
0.274609 -1.69805 | 27.7055 
0.266797 -1.94414 | 15.5139 
0.141797 -1.90898 | 8.96857 
0.153516 -1.74883 | 17.4579 
-0.0730469 -1.78008 | 12.3303 
-0.190234 -1.76445 | 18.5751 
-0.151172 -1.86992 | 10.8594 
-0.100391 -1.90117 | 7.41558 
-0.0613281 -1.86992 | 7.39176 
0.0363281 -1.86211 | 7.25235 
-0.0105469 -1.95977 | 4.18058 
0.0480469 -2.03008 | 4.7538 
-0.0378906 -2.02617 | 4.52377 
-0.0691406 -2.01836 | 5.07389 
-0.0535156 -1.96758 | 4.64101 
-0.198047 -2.00273 | 10.845 
-0.116016 -2.03008 | 6.85397 
-0.131641 -2.18633 | 14.1326 
-0.0730469 -2.14727 | 9.63501 
0.0207031 -2.08086 | 5.67796 
0.0636719 -2.14727 | 9.38846 
0.149609 -2.12383 | 11.5124 
0.0753906 -2.05742 | 5.9836 
0.106641 -2.00273 | 6.18584 
0.188672 -2.04961 | 10.9597 
0.278516 -1.96367 | 15.9751 
0.352734 -2.13945 | 24.317 
0.473828 -2.01445 | 24.1888 
0.337109 -1.89727 | 20.9293 
0.462109 -1.7957 | 30.3237 
0.571484 -1.90898 | 24.5701 
0.735547 -1.78008 | 22.7379 
0.755078 -1.95586 | 14.4587 
0.645703 -2.08867 | 22.3859 
0.801953 -2.19805 | 19.0612 
0.841016 -2.0457 | 9.88965 
0.872266 -1.95586 | 8.01983 
0.946484 -2.06133 | 6.43819 
0.938672 -1.9832 | 5.60312 
1.0168 -1.9832 | 5.07825 
1.03242 -2.09648 | 7.4499 
0.966016 -2.15508 | 10.1879 
1.09492 -2.18633 | 13.8106 
1.2043 -2.18242 | 19.2614 
1.18086 -2.07695 | 12.6456 
1.18477 -1.99102 | 11.3988 
1.13789 -2.05352 | 9.59593 
1.11055 -2.01055 | 7.61438 
1.16914 -1.8582 | 13.6682 
1.2668 -1.84648 | 20.37 
1.2668 -1.70977 | 28.0827 
1.07148 -1.79961 | 12.3117 
0.930859 -1.80742 | 11.532 
1.00117 -1.86992 | 7.65733 
0.946484 -1.92461 | 6.26107 
0.868359 -1.85039 | 11.5103 
0.856641 -1.93633 | 9.06264 
0.915234 -1.71367 | 17.4222 
1.04414 -1.63164 | 20.9046 
0.833203 -1.56133 | 27.4058 
0.891797 -1.22539 | 12.9802 
0.946484 -1.4168 | 22.1275 
1.24727 -1.44414 | 32.8598 
1.30195 -1.69805 | 30.9917 
1.32148 -1.45977 | 37.9014 
1.57148 -1.43633 | 42.7511 
1.73945 -1.49492 | 35.9176 
1.79805 -1.70195 | 26.1296 
1.55195 -1.70195 | 37.7504 
1.54805 -1.95195 | 26.2066 
1.55195 -2.19805 | 33.5052 
1.67695 -2.07305 | 22.5748 
1.79805 -2.07695 | 15.7198 
1.73555 -2.13945 | 22.0956 
-0.00273438 0.0128906 | 0.0344318 
0 0