450 4
0.00195313 -0.498047 | 0.0546477 
0.501953 -0.498047 | 0.0351673 
1.00195 -0.998047 | 0.0401673 
1.9082 -0.873047 | 0.0213267 
1.56836 -0.748047 | 0.0194386 
1.9082 -0.482422 | 0.00665689 
1.81055 -0.0136719 | -0.00625327 9.75028 
1.26367 -0.212891 | 0.0062297 
1.24023 -0.458984 | 0.0142338 
1.00195 0.00195313 | 0.00620633 
1.13477 0.119141 | 0.000529813 
1.14648 0.189453 | -0.001189 4.85132 
1.0332 0.193359 | 0.0012474 
1.09961 0.451172 | -0.00478397 3.86123 
1.15039 0.267578 | -0.0027891 4.80825 
1.38867 0.0683594 | -0.00311136 7.39303 
1.53711 0.302734 | -0.0100549 8.28291 
1.5332 0.791016 | -0.0163811 6.92255 
1.32227 0.576172 | -0.0109042 5.98032 
1.13477 0.779297 | -0.00938285 3.28292 
0.994141 0.830078 | -0.00659061 1.25136 
0.939453 0.798828 | -0.00500083 0.593853 
0.904297 0.779297 | -0.00394162 0.144482 
0.876953 0.787109 | -0.00329068 -0.307424 -178.666 -1.23412 
0.888672 0.818359 | -0.00384769 -0.251018 -182.955 -1.32255 
0.916016 0.826172 | -0.00461637 0.133724 
0.916016 0.849609 | -0.00478611 0.0355339 
0.923828 0.869141 | -0.00511917 0.0688065 
0.904297 0.857422 | -0.00453794 -0.17519 -187.96 -1.40779 
0.869141 0.853516 | -0.00358762 -0.702076 -166.757 -1.43996 
0.818359 0.837891 | -0.00209946 -1.4515 -128.699 -1.38697 
0.853516 0.802734 | -0.0027916 -0.738917 -160.573 -1.36067 
0.787109 0.787109 | -0.000832614 -1.76485 -105.974 -1.35954 
0.767578 0.822266 | -0.000554843 -2.23797 -84.3339 -1.25445 
0.759766 0.916016 | -0.000950778 -2.77953 -67.624 -0.806014 
0.853516 0.880859 | -0.00335129 -1.06774 -152.761 -1.41206 
0.833984 0.939453 | -0.00316117 -1.64804 -131.607 -1.1293 
0.794922 0.943359 | -0.00209891 -2.30963 -97.4675 -0.876656 
0.779297 0.998047 | -0.00190818 -2.83827 -77.6778 -0.511934 
0.705078 0.970703 | 0.000373685 
0.724609 0.904297 | 0.000142178 
0.505859 0.939453 | 0.00687997 
0.505859 0.662109 | 0.00909439 
0.744141 0.580078 | 0.0025383 
0.794922 0.521484 | 0.00184628 
0.814453 0.533203 | 0.00114358 
0.826172 0.615234 | -0.000206454 -0.514842 -157.58 -0.571209 
0.857422 0.658203 | -0.0015394 -0.148945 -177.928 -0.643368 
0.876953 0.712891 | -0.00262271 -0.029104 -186.088 -0.842616 
0.947266 0.728516 | -0.00458359 0.976984 
0.943359 0.685547 | -0.00406192 1.07167 
0.974609 0.533203 | -0.003038 1.98767 
0.916016 0.494141 | -0.00103147 1.22969 
0.794922 0.451172 | 0.00284988 
0.853516 0.384766 | 0.00227627 
0.978516 0.251953 | 0.00140817 
0.826172 0.0800781 | 0.00891629 
0.587891 0.0253906 | 0.017286 
0.697266 0.462891 | 0.00551541 
0.392578 0.138672 | 0.0214319 
0.142578 0.337891 | 0.0272622 
0.00195313 1.00195 | 0.0262063 
0.357422 1.4043 | 0.0118683 
0.291016 1.12695 | 0.0139956 
0.521484 1.16211 | 0.0056885 
0.662109 1.16211 | 0.00116543 
0.697266 1.24414 | 0.00010159 
0.728516 1.09961 | -0.000746555 -4.24974 -19.8801 -0.0782851 
0.841797 1.02539 | -0.00374796 -1.94408 -129.281 -0.718816 
0.927734 1.12305 | -0.00625418 -1.13749 -172.507 -0.685421 
0.998047 1.23633 | -0.00803989 -0.792866 -176.356 -0.475069 
0.830078 1.33789 | -0.003543 -3.97986 -88.5609 -0.00761737 
0.970703 1.41602 | -0.00692166 -2.37006 -155.868 -0.0270003 
0.857422 1.4082 | -0.00404135 -4.02346 -102.928 -0.00309264 
0.763672 1.43945 | -0.00129624 -5.7947 -18.9516 -0.000179588 
0.716797 1.48242 | 0.000296536 
0.666016 1.36523 | 0.0013041 
0.521484 1.46289 | 0.00636526 
0.634766 1.59961 | 0.00359646 
0.716797 1.5293 | 0.000583279 
0.759766 1.53711 | -0.000620822 -6.58858 -5.51465 -0.000124178 
0.896484 1.54883 | -0.00429166 -4.45375 -114.507 -0.000269812 
0.935547 1.69336 | -0.00407755 -5.03714 -118.54 -1.47028e-05 
0.857422 1.68164 | -0.00215506 -6.13565 -75.5842 -3.4724e-05 
0.759766 1.66211 | 0.000378201 
0.822266 1.84961 | 0.000701443 
0.876953 1.75586 | -0.00190567 -6.46618 -81.7906 -2.51654e-05 
0.966797 1.81055 | -0.00356443 -5.60845 -115.697 -9.7811e-07 
0.955078 1.88086 | -0.002366 -6.42645 -105.985 -6.63437e-07 
0.951172 1.99023 | -0.000659579 -7.54175 -93.9792 -9.65471e-07 
0.830078 1.94336 | 0.00179269 
0.728516 1.9707 | 0.0050925 
0.638672 1.83008 | 0.00584744 
0.365234 1.94727 | 0.0167477 
0.384766 1.65039 | 0.0124793 
0.00195313 2.00195 | 0.0322454 
0.00976563 2.54492 | 0.0435594 
0.501953 2.50195 | 0.0232845 
0.857422 2.86133 | 0.0231253 
0.998047 2.49805 | 0.00879617 
0.755859 2.49805 | 0.0152047 
0.748047 2.24805 | 0.0095657 
0.751953 2.00195 | 0.00489969 
0.876953 2.12695 | 0.00359695 
0.998047 2.12305 | 0.000467068 
0.935547 2.06055 | 0.000893826 
1.00195 2.00195 | -0.00171555 -6.93688 -99.7931 -2.4103e-09 
1.12695 2.12695 | -0.00239328 -6.60295 -42.0487 -3.85643e-05 
1.18945 2.18945 | -0.00249778 -6.54667 13.2622 
1.24805 2.12305 | -0.0049177 -5.19494 60.4779 
1.25195 2.00195 | -0.00708078 -3.90547 52.0499 
1.38086 2.12305 | -0.00726993 -3.93037 172.21 
1.25195 2.25195 | -0.00244602 -6.56416 77.0499 
1.37695 2.37695 | -0.00187375 -6.82051 195.062 
1.37305 2.49805 | 0.00118777 
1.24805 2.49805 | 0.0034114 
1.00195 2.50195 | 0.00880398 
1.00977 2.74023 | 0.0153898 
1.25195 2.75195 | 0.0105735 
1.49805 2.74805 | 0.00639187 
1.37305 2.62305 | 0.00458914 
1.37695 2.50195 | 0.00122488 
1.50195 2.50195 | -0.000676486 -7.372 250.184 
1.62695 2.50195 | -0.00226535 -6.61584 204.949 
1.62695 2.62695 | 0.00114578 
1.50195 2.75195 | 0.00645828 
1.63086 2.90039 | 0.00965249 
1.75195 2.75195 | 0.00359305 
1.88867 2.88477 | 0.0068536 
1.99805 2.74805 | 0.00187234 
1.87305 2.74805 | 0.00253347 
1.81055 2.68555 | 0.00108523 
1.81445 2.62695 | -0.000651584 -7.49129 53.5982 
1.87305 2.62305 | -0.00118039 -7.31286 7.5507 
1.81055 2.56055 | -0.00247238 -6.64025 50.3587 
1.87695 2.50195 | -0.00450559 -5.75457 -7.16185 -0.00841324 
1.99805 2.49805 | -0.00524289 -5.60062 -50.1839 -0.0159966 
1.87305 2.37305 | -0.00767063 -4.1903 -17.4493 -0.0290157 
1.81055 2.31055 | -0.00865012 -3.59582 25.3587 
1.75195 2.37695 | -0.00664035 -4.55204 85.8546 
1.74805 2.49805 | -0.00360813 -6.04143 101.645 
1.61914 2.37305 | -0.00536563 -5.0857 197.2 
1.74805 2.24805 | -0.00947336 -3.07512 76.6454 
1.61914 2.11914 | -0.0106778 -2.23421 171.81 
1.75195 2.00195 | -0.0140613 -0.446813 48.3546 
1.75195 2.12695 | -0.0119001 -1.7371 60.8546 
1.81445 2.18945 | -0.0112234 -2.22334 9.84815 
1.87695 2.12695 | -0.012864 -1.41497 -44.6618 -0.204189 
1.99805 2.12305 | -0.013572 -1.26835 -87.6839 -0.358579 
1.93555 2.06055 | -0.0143952 -0.643482 -81.8104 -0.383166 
1.99805 1.99805 | -0.0157234 0.0194952 
1.88867 1.91992 | -0.0163479 0.698681 
1.85742 1.9707 | -0.0153866 0.149653 
1.75586 1.9668 | -0.0146476 -0.084646 41.1588 
1.81445 1.9043 | -0.0160532 0.695053 
1.8418 1.86914 | -0.0167394 1.09198 
1.9043 1.75586 | -0.0185358 2.22879 
1.75977 1.58398 | -0.0190875 3.3267 
1.60742 1.52539 | -0.0179297 3.1127 
1.73242 1.85352 | -0.0160429 0.913991 
1.61523 1.88477 | -0.0143915 0.0910589 
1.43945 1.98242 | -0.0105938 -2.00702 187.521 
1.47461 1.85742 | -0.012916 -0.541952 183.839 
1.25195 1.81055 | -0.0097844 -2.08113 32.9093 
1.36914 1.96289 | -0.00977671 -2.39612 148.387 
1.24023 1.97852 | -0.00722763 -3.79495 38.6676 
1.20508 1.91211 | -0.00753031 -3.52861 -0.552468 -0.000338588 
1.07227 1.82227 | -0.00591001 -4.27865 -102.566 -2.04244e-05 
1.20508 1.79102 | -0.00910831 -2.40754 -12.6618 -0.0015417 
1.02539 1.67383 | -0.0064578 -3.60053 -130.709 -0.000300444 
1.15039 1.56836 | -0.0101263 -1.16213 -81.0202 -0.0418012 
1.19727 1.54102 | -0.0112823 -0.411701 -44.6805 -0.127417 
1.36133 1.55664 | -0.0141944 1.10952 
1.3418 1.59961 | -0.013538 0.594574 
1.25195 1.61133 | -0.0118202 -0.376877 12.9874 
1.32617 1.7207 | -0.0121529 -0.555134 91.1616 
1.42383 1.66211 | -0.0143401 0.788106 
1.47852 1.70898 | -0.014704 0.809917 
1.45898 1.54492 | -0.0158192 2.00042 
1.35352 1.33789 | -0.0151445 2.62275 
1.20508 1.41211 | -0.0121514 0.626668 
1.13477 1.49414 | -0.0102876 -0.779964 -99.9355 -0.105971 
1.04492 1.41992 | -0.00867429 -1.37499 -152.067 -0.0866249 
1.01367 1.28711 | -0.00835038 -0.897482 -170.734 -0.329902 
1.18164 1.30273 | -0.0120239 1.10643 
1.23242 1.32617 | -0.0129787 1.51167 
1.17773 1.19336 | -0.0120493 1.74445 
1.35352 1.23242 | -0.0153241 3.30047 
1.64258 1.12305 | -0.0193336 5.95976 
1.62695 1.49414 | -0.018351 3.45244 
2.00195 1.00195 | -0.0217155 7.4902 
2.52539 1.06836 | -0.0212679 5.22961 
2.96289 1.0332 | -0.0164018 0.892629 
2.83789 1.23633 | -0.0184178 1.30331 
2.85742 1.36133 | -0.0179177 0.261601 
2.88086 1.31055 | -0.0177421 0.317881 
2.93945 1.32227 | -0.0168826 -0.499939 -157.037 -0.0287948 
2.97461 1.40039 | -0.0160982 -1.49901 -158.051 -0.0680003 
2.85742 1.43164 | -0.0176414 -0.22935 -100.541 -0.0875886 
2.77539 1.41992 | -0.0187056 0.784342 
2.70117 1.43945 | -0.0194149 1.40576 
2.50195 1.50195 | -0.0206765 2.61064 
2.5332 1.63086 | -0.0195334 1.3764 
2.58008 1.74414 | -0.0180945 0.0581932 
2.66211 1.66992 | -0.0181563 -0.0159645 95.7022 
2.74414 1.5918 | -0.0180041 -0.179996 14.7284 
2.66211 1.61523 | -0.0186404 0.433178 
2.66602 1.54492 | -0.0191386 0.952646 
2.75195 1.50195 | -0.0185417 0.43372 
2.81445 1.56445 | -0.0173962 -0.725269 -52.6263 -0.233171 
2.87695 1.50195 | -0.0170056 -0.980261 -107.142 -0.157211 
2.87695 1.62695 | -0.0160945 -1.95804 -94.6424 -0.349334 
2.87305 1.74805 | -0.0149665 -2.9323 -79.9294 -0.602982 
2.81055 1.68555 | -0.0164148 -1.66508 -37.1155 -0.449008 
2.75195 1.68945 | -0.0170578 -1.06225 17.1324 
2.75195 1.75195 | -0.016407 -1.59997 23.3824 
2.76367 1.80664 | -0.0156426 -2.20984 17.8225 
2.79883 1.81836 | -0.0150904 -2.69751 -13.4372 -0.719809 
2.86523 1.77539 | -0.0147639 -3.07885 -71.8001 -0.660617 
2.88477 1.8457 | -0.0136416 -3.95273 -77.7793 -0.812249 
2.95508 1.93555 | -0.0113883 -5.7004 -100.501 -0.964099 
2.88477 1.95898 | -0.0120504 -5.03023 -66.4511 -0.961414 
2.81445 1.87695 | -0.0141418 -3.41387 -21.3763 -0.832335 
2.80273 1.97852 | -0.0128062 -4.26119 -0.91731 -0.923917 
2.73242 1.98242 | -0.0135434 -3.55028 64.8027 
2.70117 1.94727 | -0.0144042 -2.89379 90.0527 
2.62695 1.94336 | -0.0151513 -2.17127 149.11 
2.73633 1.91602 | -0.0144967 -2.94292 54.4985 
2.6543 1.86523 | -0.0160108 -1.6707 121.404 
2.49805 1.99805 | -0.0152429 -1.70305 199.793 
2.37305 1.99805 | -0.0158318 -0.946895 154.549 
2.37305 1.87305 | -0.0176706 0.262822 
2.37305 1.75586 | -0.0191108 1.32598 
2.49805 1.74805 | -0.0186081 0.638256 
2.4043 1.60742 | -0.0204227 2.40538 
2.24805 1.74805 | -0.0194734 1.93356 
2.00195 1.75195 | -0.0190613 2.32662 
2.12695 1.87695 | -0.017864 1.08069 
2.18945 1.93945 | -0.017031 0.347051 
2.12305 1.99805 | -0.016072 -0.0856209 -57.5622 -0.392368 
2.00195 2.00195 | -0.0156765 -0.0195673 -99.7935 -0.457742 
2.02539 2.20508 | -0.0120933 -2.1604 -77.5886 -0.265793 
2.08398 2.13867 | -0.0135544 -1.48378 -65.7334 -0.399695 
2.12695 2.18945 | -0.0126565 -2.09619 -35.8186 -0.366989 
2.20117 2.22852 | -0.0119215 -2.69675 27.5387 
2.41211 2.05273 | -0.0147785 -1.7137 182.967 
2.45508 2.40039 | -0.00743997 -5.84286 234.098 
2.21289 2.42773 | -0.00742502 -5.04947 58.1022 
2.18555 2.31055 | -0.0101648 -3.58565 21.9448 
2.07227 2.33789 | -0.00938889 -3.7006 -51.016 -0.13037 
2.10352 2.42383 | -0.00742935 -4.76177 -26.9987 -0.0691565 
2.09961 2.58008 | -0.00335306 -6.71091 -13.5665 -0.00958172 
2.24023 2.52539 | -0.00491721 -6.34478 93.3274 
2.12695 2.62695 | -0.00208469 -7.36413 7.93138 
2.22852 2.63867 | -0.0017941 -7.76911 93.6669 
2.24023 2.72461 | 0.000760526 
2.09961 2.66992 | -0.000792514 -7.89011 -4.58208 -0.00231192 
2.04102 2.73633 | 0.0013558 
2.10352 2.82617 | 0.00403744 
2.34961 2.99805 | 0.0100536 
2.4668 2.69336 | 0.000513028 
2.2832 2.70508 | 0.000221829 
2.36523 2.56445 | -0.00360965 -7.36741 205.795 
2.29883 2.52148 | -0.00493912 -6.51484 147.435 
2.73242 2.50195 | -0.00271445 -9.37471 116.756 
2.6543 2.61914 | -0.000296542 -10.1227 196.795 
2.7207 2.72852 | 0.00357492 
2.5332 2.73633 | 0.00221328 
2.63867 2.97461 | 0.0109167 
2.80273 2.91211 | 0.0104461 
2.99805 2.74805 | 0.00783328 
2.77148 2.70117 | 0.00330111 
2.83789 2.57227 | 0.000400174 
2.81055 2.56055 | -0.000261447 -10.9534 50.3845 
2.83789 2.55273 | -0.000132053 -11.1666 26.6107 
2.9043 2.53711 | 0.000338956 
2.93945 2.58398 | 0.00212204 
2.92773 2.49023 | -0.000556979 -11.4802 -35.7634 -0.0958375 
2.88867 2.25586 | -0.00660892 -8.20654 -39.1688 -0.5485 
2.83789 2.27148 | -0.00695017 -7.77452 -1.51427 -0.49456 
2.75195 2.31836 | -0.0069462 -7.3636 80.0231 
2.76758 2.41602 | -0.00449161 -8.68433 75.0963 
2.67383 2.39648 | -0.00593912 -7.51093 158.752 
2.68555 2.35742 | -0.00674619 -7.15731 144.865 
2.54492 2.09961 | -0.0132173 -3.08298 204.032 
2.80273 2.16211 | -0.00961057 -6.16167 17.4421 
2.82227 2.16211 | -0.00937131 -6.38208 0.445288 
2.89258 2.15039 | -0.00867093 -7.09306 -52.0517 -0.807623 
2.89258 2.16211 | -0.00844681 -7.2194 -50.8798 -0.78225 
2.95117 2.22852 | -0.00627896 -8.69854 -70.1343 -0.6317 
2.91211 2.11523 | -0.00905246 -6.96293 -66.1629 -0.88172 
3.00195 2.00195 | -0.00963742 -6.99114 -99.7938 -0.999962 
3.07227 2.06055 | -0.00748612 -8.59903 -78.7626 -0.960291 
3.00586 2.11133 | -0.00770072 -8.17033 -88.7668 -0.901952 
3.06055 2.19336 | -0.00522696 -9.83789 -69.9535 -0.720077 
3.12695 2.12695 | -0.00531516 -10.1294 -42.0885 -0.845492 
3.12695 2.18945 | -0.0041174 -10.8039 -35.8385 -0.711323 
3.18945 2.18945 | -0.00291965 -11.8093 13.2106 
3.24805 2.12305 | -0.00299582 -12.0851 60.4223 
3.25195 2.00195 | -0.00500266 -10.9042 51.9943 
3.38086 2.12305 | -3.5556e-05 -14.5098 172.172 
3.25195 2.25195 | -0.000367892 -13.5629 76.9943 
3.31445 2.31445 | 0.00234012 
3.37695 2.25195 | 0.00241824 
3.37695 2.37695 | 0.00520437 
3.24805 2.49805 | 0.00533328 
3.23242 2.35742 | 0.0015552 
3.22461 2.28711 | -0.000183688 -13.4915 54.8417 
3.17773 2.2832 | -0.00120706 -12.6649 12.4922 
3.08789 2.37305 | -0.000856113 -12.2972 -40.4181 -0.272055 
3.01758 2.39258 | -0.00159323 -11.5018 -59.8321 -0.237694 
3.06445 2.45508 | 0.000725003 
3.00195 2.50195 | 0.000882108 
3.23242 2.59961 | 0.00774801 
3.07617 2.68164 | 0.00712936 
3.13477 2.77539 | 0.0110564 
3.50195 2.50195 | 0.0114016 
3.95508 2.50586 | 0.0253557 
3.99805 1.99805 | 0.0161985 
3.9043 1.69727 | 0.00901901 
3.74023 1.72852 | 0.00401651 
3.7207 1.61914 | 0.00238217 
3.68555 1.52539 | 0.000627286 
3.5918 1.61133 | -0.00143711 -14.0869 136.894 
3.55273 1.75586 | -0.0011113 -14.4506 167.443 
3.47461 1.95117 | -0.000611118 -14.6182 193.205 
3.33789 1.83789 | -0.005483 -10.8748 112.44 
3.29102 1.91992 | -0.00541397 -10.7897 80.1806 
3.36133 1.9707 | -0.00307334 -12.5787 143.611 
3.2793 1.94727 | -0.00526712 -10.8449 72.1408 
3.24805 1.97461 | -0.00551578 -10.5645 45.5786 
3.18945 1.9668 | -0.00683005 -9.49572 -9.05504 -0.920414 
3.14648 1.89258 | -0.00874503 -8.08259 -51.5997 -0.875195 
3.0918 1.9668 | -0.00866721 -7.94864 -79.0744 -0.974487 
3.01758 1.91211 | -0.0107447 -6.33114 -107.879 -0.941076 
3.09961 1.82617 | -0.0104861 -6.73407 -88.9734 -0.778892 
3.16992 1.79102 | -0.00959952 -7.52432 -43.2606 -0.67791 
3.2168 1.69336 | -0.00972721 -7.45057 -11.7707 -0.45221 
3.06445 1.60352 | -0.013399 -4.29663 -127.53 -0.313174 
3.14258 1.55273 | -0.0123712 -5.09333 -88.4857 -0.221679 
3.23633 1.58398 | -0.0102858 -6.88715 -4.51232 -0.250498 
3.30273 1.52539 | -0.00928098 -7.60258 51.2948 
3.4082 1.67383 | -0.00565732 -10.7753 143.091 
3.45898 1.47852 | -0.00587387 -10.2472 142.886 
3.3457 1.33789 | -0.00918351 -7.05069 68.6123 
3.29492 1.4043 | -0.0100941 -6.57473 32.1664 
3.33789 1.49023 | -0.00870969 -7.98221 77.6743 
3.22852 1.45117 | -0.0112907 -5.74566 -25.1106 -0.0969262 
3.06836 1.34961 | -0.0147357 -2.47995 -151.43 -0.0396308 
3.2168 1.20117 | -0.0121612 -3.88894 -60.9894 -0.00403123 
3.07227 1.06836 | -0.0147182 -0.837879 -177.981 -5.87334e-05 
3.2832 1.05664 | -0.0105612 -4.22602 -13.3109 -2.3633e-05 
3.35742 1.0957 | -0.00899497 -5.79721 53.2643 
3.29492 1.16992 | -0.0105024 -5.06639 8.7289 
3.41211 1.1582 | -0.00779044 -7.20118 93.4993 
3.54883 1.02539 | -0.00400174 -9.28737 95.5501 
3.63477 1.17773 | -0.00190952 -12.0264 67.175 
3.50586 1.30273 | -0.00534177 -9.9901 130.174 
3.6582 1.38867 | -0.000880466 -13.9157 70.7104 
3.68945 1.47461 | 0.000438809 
3.74414 1.3457 | 0.001556 
3.75977 1.27148 | 0.00187979 
3.95117 1.27148 | 0.00821713 
3.99805 0.998047 | 0.0102376 
3.85352 0.755859 | 0.00681375 
3.68945 0.951172 | 0.00030386 
3.7168 0.880859 | 0.00152523 
3.64648 0.904297 | -0.000702426 -10.8702 31.2983 
3.60742 0.947266 | -0.00205289 -10.1864 61.8694 
3.60742 0.853516 | -0.00149112 -9.76431 52.4944 
3.60742 0.755859 | -0.000719028 -9.3714 42.7288 
3.6582 0.841797 | 4.66583e-05 
3.7168 0.755859 | 0.00247934 
3.66211 0.697266 | 0.00140506 
3.55664 0.740234 | -0.00198142 -8.19716 64.6418 
3.5332 0.646484 | -0.0016619 -7.36924 61.4063 
3.51367 0.548828 | -0.00100241 -6.66416 54.3339 
3.64648 0.529297 | 0.0029216 
3.66602 0.564453 | 0.00303122 
3.99805 0.498047 | 0.0147571 
3.74805 0.248047 | 0.0105266 
3.50195 0.251953 | 0.00343875 
3.62695 0.376953 | 0.00463601 
3.62305 0.498047 | 0.00267801 
3.56055 0.435547 | 0.00185476 
3.49805 0.498047 | -0.000723361 -6.20446 49.7928 
3.37305 0.498047 | -0.00381223 -3.71219 4.52883 
3.31055 0.435547 | -0.00432297 -2.40157 -50.788 -0.203302 
3.37305 0.373047 | -0.0019011 -3.43998 -7.97117 -0.267153 
3.31055 0.310547 | -0.00225559 -2.16841 -63.288 -0.39958 
3.37695 0.251953 | 0.000340115 
3.49805 0.248047 | 0.0034114 
3.37305 0.123047 | 0.00285867 
3.25195 0.126953 | 8.03497e-05 
3.31445 0.189453 | 0.000132108 
3.31055 0.248047 | -0.00110471 -2.08113 -69.538 -0.514788 
3.24805 0.248047 | -0.00245383 -0.970631 -127.078 -0.555085 
3.18555 0.248047 | -0.00372483 0.0856166 
3.18555 0.185547 | -0.00249582 0.153366 
3.18945 0.126953 | -0.00119553 0.134716 
3.24805 0.123047 | 8.23029e-05 
3.18555 0.0605469 | 0.000196561 
3.12305 0.123047 | -0.00238156 1.20358 
3.00195 0.251953 | -0.00708078 2.8697 
3.00195 0.501953 | -0.011196 2.39851 
3.00195 0.638672 | -0.0129178 2.00865 
3.08789 0.693359 | -0.0120497 0.57934 
3.13867 0.642578 | -0.0105818 -0.0362502 -182.346 -0.0419588 
3.2793 0.501953 | -0.00597849 -1.99517 -72.3905 -0.133484 
3.32617 0.599609 | -0.00621268 -3.11224 -20.9971 -0.0543324 
3.38086 0.541016 | -0.00421311 -3.97322 13.9688 
3.38867 0.677734 | -0.00564298 -4.54004 32.5192 
3.49805 0.705078 | -0.00320127 -6.82717 70.4959 
3.32227 0.724609 | -0.00764524 -3.45422 -11.7859 -0.0124735 
3.28711 0.779297 | -0.00891202 -3.02278 -37.4532 -0.00540907 
3.33008 0.853516 | -0.00852872 -4.10669 7.64065 
3.40039 0.798828 | -0.00648123 -5.21402 51.4245 
3.38477 0.923828 | -0.0077006 -5.45014 54.7232 
3.33398 0.998047 | -0.00923294 -4.84798 25.2974 
3.29883 0.900391 | -0.00952811 -3.74172 -14.7011 -0.000221624 
3.24805 0.970703 | -0.0109902 -3.17247 -54.8121 -1.76089e-06 
3.11133 0.857422 | -0.0130212 -0.414668 -179.057 -0.00109485 
3.03711 0.806641 | -0.0139452 0.903912 
3.01367 0.876953 | -0.0148358 0.941753 
2.99805 0.998047 | -0.0157234 0.592412 
2.82617 0.771484 | -0.0167428 3.77203 
2.85742 0.501953 | -0.0133053 4.26474 
2.69336 0.869141 | -0.0189713 4.77296 
2.42773 0.591797 | -0.0182823 7.85391 
2.56055 0.111328 | -0.00934799 7.78698 
2.79883 0.330078 | -0.0113464 5.29619 
2.99805 -0.00195313 | -0.0016843 3.08265 
2.81445 -0.0917969 | -0.00203708 5.37245 
2.9707 -0.150391 | 0.00167538 
2.96289 -0.470703 | 0.0112325 
2.81836 -0.373047 | 0.00606845 
2.66211 -0.447266 | 0.00677029 
2.59961 -0.279297 | 0.000980069 
2.49805 -0.00195313 | -0.00716477 8.27742 
2.24805 -0.251953 | -0.00139524 9.41403 
2.49805 -0.501953 | 0.00735476 
2.0293 -0.677734 | 0.0130503 
2.37695 -0.869141 | 0.0206266 
3.00195 -0.998047 | 0.0322454 
3.00977 -0.455078 | 0.01145 
3.02148 -0.248047 | 0.00521676 
3.17773 -0.224609 | 0.00735476 
3.50195 -0.498047 | 0.0232845 
3.99805 -0.501953 | 0.0387962 
3.74805 -0.751953 | 0.0395657 
0.869141 0.853516 | -0.00358762 -0.702076 -166.757 -1.43996 
0.941176 0.941176